x = 1:1:1000;
y = [
	130000,130000,330000,512000,712000,712000,712000,917000,967000,762000,1222000,1257000,1257000,1257000,1517000,1622000,1622000,1622000,1622000,1622000,1622000,1622000,1622000,1622000,1622000,1622000,1622000,1822000,1822000,1822000,1982000,1982000,1982000,1982000,1982000,1982000,1982000,1982000,1982000,1982000,1982000,1982000,1982000,1982000,1982000,1982000,1782000,1782000,1982000,1982000,1982000,1982000,1982000,1982000,1982000,1982000,1982000,1782000,1782000,1782000,1782000,1782000,1782000,1782000,1782000,1982000,1982000,1982000,1982000,1982000,1982000,1982000,1852000,1932000,1782000,1782000,1782000,1782000,1782000,1782000,1782000,1982000,1982000,1982000,1982000,1982000,1982000,1982000,1982000,1982000,1982000,1982000,1982000,1982000,1982000,1982000,1982000,1982000,1982000,1982000,1982000,1982000,1982000,1982000,1782000,1982000,1982000,1982000,1982000,1982000,1982000,1982000,1982000,1982000,1982000,1982000,1982000,1982000,1982000,1982000,1982000,1982000,1932000,1982000,1947000,1947000,1982000,1982000,1982000,1982000,1982000,1982000,1982000,1982000,1982000,1982000,1982000,1982000,1982000,1982000,1982000,1982000,1822000,1822000,1822000,1822000,1822000,1982000,1982000,1982000,1982000,1982000,1982000,1982000,1982000,1982000,1982000,1982000,1982000,1982000,1722000,1722000,1722000,1877000,1877000,1877000,1822000,1982000,1982000,1982000,1982000,1982000,1982000,1947000,1947000,1782000,1727000,1727000,1727000,1982000,1877000,1982000,1722000,1722000,1982000,1982000,1982000,1722000,1722000,1722000,1982000,1982000,1800000,1800000,1982000,1982000,1982000,1982000,1982000,1982000,1982000,1982000,1822000,1782000,1800000,1982000,1982000,1982000,1982000,1982000,1982000,1982000,1982000,1982000,1982000,1982000,1982000,1947000,1947000,1947000,1947000,1947000,1947000,1982000,1982000,1982000,1982000,1982000,1982000,1982000,1982000,1982000,1982000,1722000,1982000,1982000,1722000,1982000,1982000,1982000,1982000,1982000,1982000,1932000,1982000,1982000,1982000,1982000,1982000,1982000,1982000,1982000,1982000,1982000,1982000,1982000,1982000,1982000,1982000,1982000,1982000,1982000,1982000,1782000,1782000,1982000,1982000,1822000,1822000,1822000,1822000,1982000,1822000,1822000,1982000,1982000,1982000,1982000,1982000,1852000,1852000,1852000,1852000,1982000,1982000,1947000,1947000,1947000,1947000,1982000,1982000,1982000,1982000,1982000,1777000,1777000,1777000,1877000,1982000,1982000,1982000,1982000,1982000,1982000,1982000,1982000,1982000,1982000,1982000,1982000,1982000,1982000,1982000,1982000,1982000,1777000,1777000,1777000,1982000,1982000,1982000,1982000,1982000,1982000,1982000,1982000,1982000,1982000,1982000,1982000,1982000,1782000,1782000,1982000,1982000,1982000,1982000,1982000,1982000,1982000,1782000,1727000,1822000,1982000,1982000,1982000,1982000,1982000,1982000,1982000,1982000,1982000,1782000,1782000,1782000,1982000,1852000,1852000,1852000,1722000,1722000,1722000,1722000,1982000,1932000,1932000,1932000,1932000,1932000,1982000,1982000,1932000,1932000,1932000,1982000,1982000,1982000,1722000,1982000,1982000,1982000,1982000,1722000,1982000,1982000,1982000,1982000,1932000,1932000,1932000,1932000,1932000,1982000,1982000,1982000,1982000,1982000,1982000,1982000,1982000,1822000,1822000,1822000,1822000,1822000,1822000,1822000,1822000,1982000,1982000,1982000,1982000,1982000,1782000,1782000,1782000,1782000,1782000,1822000,1822000,1822000,1822000,1782000,1982000,1982000,1982000,1982000,1982000,1800000,1982000,1982000,1982000,1982000,1982000,1982000,1982000,1982000,1982000,1982000,1982000,1982000,1982000,1822000,1822000,1822000,1822000,1877000,1877000,1877000,1982000,1982000,1982000,1982000,1982000,1982000,1982000,1982000,1782000,1782000,1782000,1782000,1782000,1782000,1782000,1782000,1800000,1982000,1982000,1982000,1982000,1982000,1982000,1982000,1982000,1982000,1982000,1982000,1982000,1982000,1982000,1982000,1982000,1982000,1982000,1982000,1982000,1982000,1982000,1982000,1982000,1982000,1982000,1982000,1932000,1932000,1982000,1982000,1982000,1982000,1982000,1982000,1982000,1932000,1982000,1982000,1982000,1782000,1782000,1782000,1782000,1782000,1782000,1982000,1982000,1982000,1982000,1982000,1982000,1982000,1982000,1982000,1982000,1982000,1982000,1982000,1982000,1982000,1782000,1877000,1877000,1877000,1877000,1877000,1877000,1877000,1877000,1877000,1982000,1982000,1777000,1982000,1982000,1982000,1982000,1982000,1982000,1727000,1982000,1782000,1782000,1982000,1932000,1932000,1982000,1877000,1877000,1877000,1877000,1877000,1877000,1877000,1800000,1852000,1852000,1852000,1822000,1982000,1982000,1782000,1982000,1982000,1782000,1782000,1782000,1782000,1982000,1982000,1982000,1982000,1982000,1782000,1782000,1782000,1782000,1782000,1782000,1782000,1782000,1782000,1782000,1782000,1982000,1982000,1982000,1982000,1982000,1982000,1982000,1982000,1947000,1947000,1947000,1947000,1947000,1947000,1947000,1947000,1982000,1982000,1982000,1982000,1982000,1982000,1982000,1982000,1982000,1982000,1982000,1982000,1982000,1982000,1982000,1782000,1982000,1852000,1852000,1800000,1800000,1800000,1800000,1982000,1982000,1982000,1982000,1982000,1982000,1982000,1982000,1982000,1982000,1982000,1982000,1877000,1877000,1877000,1877000,1877000,1877000,1877000,1877000,1982000,1982000,1877000,1877000,1877000,1877000,1877000,1877000,1877000,1877000,1982000,1982000,1782000,1782000,1782000,1982000,1982000,1982000,1982000,1982000,1982000,1982000,1982000,1982000,1982000,1982000,1982000,1982000,1777000,1822000,1822000,1982000,1982000,1982000,1982000,1982000,1722000,1722000,1722000,1722000,1722000,1982000,1982000,1982000,1982000,1982000,1982000,1982000,1722000,1982000,1982000,1877000,1982000,1982000,1982000,1982000,1982000,1982000,1982000,1982000,1982000,1982000,1982000,1982000,1877000,1877000,1877000,1877000,1782000,1782000,1982000,1982000,1982000,1982000,1822000,1822000,1982000,1982000,1982000,1982000,1982000,1982000,1947000,1947000,1822000,1782000,1982000,1947000,1982000,1982000,1982000,1982000,1727000,1800000,1782000,1782000,1782000,1782000,1782000,1782000,1782000,1782000,1982000,1982000,1982000,1982000,1727000,1727000,1727000,1727000,1727000,1852000,1822000,1982000,1982000,1982000,1982000,1982000,1982000,1982000,1982000,1982000,1982000,1982000,1982000,1982000,1982000,1982000,1982000,1947000,1947000,1982000,1982000,1982000,1982000,1982000,1982000,1982000,1982000,1982000,1982000,1982000,1982000,1982000,1982000,1982000,1982000,1982000,1982000,1982000,1982000,1982000,1822000,1822000,1982000,1982000,1982000,1722000,1982000,1982000,1982000,1982000,1947000,1947000,1947000,1947000,1947000,1982000,1982000,1982000,1982000,1852000,1982000,1982000,1982000,1982000,1982000,1982000,1982000,1982000,1982000,1982000,1722000,1982000,1982000,1982000,1982000,1982000,1982000,1982000,1982000,1852000,1852000,1982000,1982000,1982000,1982000,1982000,1982000,1852000,1852000,1852000,1852000,1852000,1852000,1852000,1852000,1852000,1852000,1982000,1982000,1822000,1982000,1982000,1877000,1877000,1982000,1982000,1982000,1982000,1982000,1982000,1982000,1982000,1982000,1982000,1982000,1877000,1877000,1982000,1982000,1982000,1982000,1822000,1852000,1982000,1982000,1982000,1982000,1982000,1982000,1982000,1982000,1982000,1982000,1982000,1982000,1982000,1982000,1982000,1982000,1982000,1982000,1982000,1782000,1982000,1982000,1982000,1982000,1982000,1982000,1982000,1982000,1982000,1982000,1982000,1982000,1982000,1982000,1982000,1982000,1982000,1852000,1852000,1982000,1982000,1982000,1782000,1982000,1982000,1982000,1822000,1822000,1822000,1822000,1982000,1982000,1982000,1982000,1982000,1982000,1982000,1982000,1982000,1982000,1852000,1852000,1852000,1852000,1852000,1782000,1782000,1782000,1982000,1982000,1982000,1982000,1852000,1782000,1782000,1782000,1782000,1982000,1982000,1982000,1982000,1782000,1782000,1782000,1782000,1877000,1727000,1877000,1877000,1982000,1982000,1982000,1982000,1982000,1982000,1982000,1982000,1982000,1982000,1982000,1722000,1782000,1982000,1982000,1982000,1982000,1982000,1982000,1982000,1982000,1982000,1982000,1982000,