x = 1:1:1000;
y = [
	0,50000,50000,250000,305000,410000,355000,410000,410000,410000,535000,535000,665000,540000,665000,665000,665000,865000,865000,810000,810000,810000,1025000,1025000,1025000,1225000,1225000,1225000,1095000,1225000,1260000,1260000,1260000,1260000,1260000,1260000,1260000,1260000,1260000,1260000,1260000,1260000,1260000,1260000,1260000,1260000,1260000,1060000,1060000,1060000,1260000,1260000,1260000,1260000,1310000,1310000,1310000,1310000,1920000,1920000,1920000,1920000,1920000,1920000,1920000,1920000,1920000,1920000,1920000,1310000,1920000,1870000,1870000,1870000,1920000,1920000,1920000,1920000,1920000,1920000,1760000,1760000,1760000,1920000,1920000,1920000,1920000,1920000,1920000,1920000,1920000,1920000,1920000,1920000,1310000,1310000,1310000,1760000,1920000,1920000,1920000,1920000,1920000,1920000,1795000,1720000,1720000,1720000,1720000,1920000,1920000,1920000,1920000,1920000,1920000,1815000,1815000,1815000,1815000,1815000,1920000,1920000,1815000,1920000,1920000,1920000,1920000,1920000,1920000,1920000,1920000,1920000,1920000,1920000,1920000,1920000,1920000,1920000,1920000,1920000,1920000,1920000,1920000,1920000,1920000,1920000,1920000,1920000,1920000,1920000,1870000,1920000,1920000,1920000,1920000,1920000,1920000,1885000,1920000,1920000,1920000,1920000,1920000,1920000,1920000,1920000,2102000,2102000,2102000,2102000,2102000,2102000,2102000,2102000,1977000,1977000,2102000,2102000,2102000,2052000,2052000,2052000,2052000,2052000,2052000,2052000,2052000,2052000,2052000,2052000,2052000,2052000,2052000,2052000,2052000,2052000,1972000,1972000,2052000,1997000,1997000,2102000,2102000,2102000,2102000,2102000,2102000,2102000,2052000,2052000,2052000,2052000,2052000,2052000,2052000,2052000,2052000,1997000,2102000,2102000,2102000,2102000,2102000,2102000,2102000,2102000,2102000,2102000,2102000,2102000,2102000,2102000,2102000,2102000,2102000,1942000,2102000,2102000,2102000,2102000,2102000,2102000,2102000,2102000,2102000,2102000,2102000,2102000,2102000,2102000,2102000,1902000,2102000,2102000,2102000,2102000,2102000,2102000,2102000,2102000,2102000,2102000,2102000,2102000,2102000,2102000,2102000,2102000,2102000,2102000,2102000,2102000,2102000,2102000,2102000,1902000,1902000,2102000,2102000,2102000,1492000,1492000,1492000,2102000,2102000,2102000,2102000,2102000,2102000,2102000,2102000,2102000,2102000,2102000,2102000,2102000,2102000,2102000,1942000,1942000,2102000,2102000,2102000,2102000,2102000,2102000,2102000,2052000,2052000,1902000,1902000,1902000,2102000,2102000,2102000,2102000,2102000,2102000,2102000,2102000,2102000,2102000,2102000,2102000,2102000,2102000,2102000,2102000,2102000,2102000,2047000,2047000,2047000,2047000,2047000,2047000,2047000,2047000,1492000,1977000,2102000,2102000,2102000,2102000,2102000,2102000,2102000,1942000,1942000,1942000,1492000,1492000,1492000,1492000,1972000,1972000,1972000,1972000,1972000,2102000,2102000,2102000,2102000,2102000,2102000,2102000,1977000,2102000,2102000,2102000,2102000,2102000,2102000,2102000,2102000,2102000,2102000,1492000,1492000,2102000,2102000,2102000,2102000,2102000,2102000,2102000,2102000,2102000,1902000,1902000,1902000,1902000,2102000,2102000,1902000,2102000,2102000,2102000,2102000,2047000,2047000,2047000,2047000,2047000,2047000,2047000,2047000,2047000,2047000,2102000,1902000,2102000,2102000,1902000,2102000,2102000,2102000,2102000,2102000,2102000,2102000,2102000,2102000,1997000,1997000,1997000,1997000,1997000,1997000,1920000,2102000,2102000,2102000,2102000,2102000,2102000,1942000,1942000,2102000,2102000,2102000,2102000,2102000,2102000,2102000,2102000,2102000,2102000,2052000,2102000,2102000,2102000,2102000,2102000,2052000,2052000,2102000,2102000,1977000,1977000,2102000,2102000,2102000,2102000,2102000,2047000,2047000,2047000,2047000,2047000,1492000,2102000,2102000,2102000,2102000,1977000,1977000,1977000,1977000,1977000,1977000,1977000,1977000,2102000,2102000,2102000,2102000,2102000,2102000,2102000,2102000,2102000,2102000,2102000,2102000,2102000,2102000,2102000,2102000,2102000,2102000,2102000,2102000,2102000,2102000,2102000,2102000,2102000,2102000,2102000,2102000,2102000,2067000,2102000,2102000,1997000,1997000,1997000,2052000,2102000,2102000,2102000,2102000,2102000,2102000,2102000,2102000,2102000,2102000,2102000,2102000,2102000,2102000,2102000,2102000,2102000,2102000,1977000,1977000,2102000,2067000,2067000,2067000,1902000,1902000,2102000,2102000,2102000,2102000,2102000,2102000,2102000,1920000,2102000,2102000,2102000,2102000,2102000,1997000,1997000,1997000,1997000,1902000,1902000,1902000,1902000,1902000,1902000,1902000,1902000,1977000,1977000,1977000,1977000,1977000,1977000,2052000,2052000,2052000,2052000,2052000,2102000,2102000,2102000,2102000,2102000,2102000,2102000,1902000,1902000,2102000,2102000,2102000,2102000,2102000,2102000,2102000,2102000,2102000,2102000,2102000,2102000,2102000,2102000,2102000,2102000,2102000,2102000,2102000,2102000,1942000,1942000,2102000,1972000,1972000,1972000,1902000,1902000,1902000,1902000,1902000,1942000,1942000,1942000,1942000,1942000,1942000,2102000,2102000,2102000,2102000,2102000,2102000,2102000,2102000,2102000,2102000,2102000,2102000,1942000,1492000,1492000,2047000,2047000,2102000,2102000,2102000,1902000,1902000,2102000,2102000,2102000,1942000,1942000,1942000,1942000,2102000,1942000,2102000,2102000,2102000,2102000,2102000,2102000,2102000,2102000,2102000,1902000,1902000,1902000,2102000,2102000,2102000,2102000,2102000,2102000,2102000,2102000,1920000,1492000,1492000,2052000,2052000,2052000,1902000,1902000,1902000,1902000,1902000,2102000,2102000,2102000,2102000,2102000,2102000,2102000,2102000,2102000,2102000,2102000,2102000,2102000,1920000,1902000,2047000,2047000,2047000,2047000,2102000,2102000,2102000,1942000,1942000,2102000,2102000,2102000,1977000,2102000,2102000,2102000,2102000,2102000,2102000,2102000,2102000,2102000,2102000,2102000,2102000,2102000,2102000,2102000,2102000,2102000,2102000,2102000,2102000,2102000,2102000,2102000,2102000,2102000,2102000,2102000,2102000,2102000,2067000,2067000,2102000,2102000,2102000,2102000,2102000,1977000,1977000,2102000,1942000,1902000,2102000,2047000,2047000,2102000,2102000,2102000,2102000,2102000,2102000,2102000,2102000,2102000,2102000,2102000,2102000,2102000,2102000,2102000,2102000,2102000,2102000,2102000,2102000,2102000,2102000,2047000,2102000,2102000,2102000,2047000,2102000,2102000,2102000,1902000,1902000,1902000,1902000,1902000,1902000,2067000,2067000,2067000,2067000,2067000,2067000,2067000,2067000,2067000,1902000,2102000,2102000,1997000,1997000,2102000,2102000,2102000,2102000,2102000,2102000,2102000,2102000,2102000,2102000,2102000,2102000,2102000,2102000,2102000,2102000,2102000,2102000,2102000,2102000,2102000,2102000,2102000,2102000,2102000,1902000,1902000,2102000,2102000,2102000,2102000,2102000,2102000,1902000,2102000,2102000,2102000,1902000,2102000,2102000,2102000,2102000,2102000,2102000,2102000,2102000,2102000,2102000,2102000,2102000,2102000,1902000,2102000,1902000,2102000,2102000,2102000,2102000,2102000,2102000,2102000,2102000,2102000,1920000,1920000,1920000,1920000,1920000,1920000,1920000,2102000,2102000,2102000,1972000,1972000,2102000,2102000,2102000,2102000,2102000,2102000,2102000,2102000,2102000,2102000,2102000,2102000,2102000,1942000,1942000,1942000,2052000,2052000,2052000,2052000,2052000,2052000,2102000,2102000,2102000,1942000,2102000,2102000,2102000,2052000,2052000,2052000,2102000,2102000,2102000,2102000,2102000,2102000,2102000,2102000,2102000,1902000,2102000,2102000,2102000,2102000,2102000,2067000,2067000,1902000,1902000,1902000,2102000,2102000,2102000,2102000,2102000,2102000,2102000,2102000,2102000,2102000,2102000,2102000,2102000,2102000,1902000,1902000,2102000,2102000,2102000,1902000,1902000,2102000,2102000,2102000,2102000,2102000,2102000,2102000,2102000,2102000,2102000,2102000,2102000,2102000,2102000,2102000,2067000,2067000,2102000,2102000,2102000,2102000,1972000,1972000,1997000,2102000,2102000,2102000,2102000,2102000,2102000,2102000,2102000,2102000,2102000,2102000,1902000,1902000,1902000,2102000,2102000,2102000
];
