y = [0,200000,382000,902000,902000,902000,902000,902000,902000,952000,1077000,1077000,1077000,1077000,1132000,1132000,1132000,1132000,1132000,1132000,1237000,1292000,1292000,1292000,1292000,1292000,1292000,1452000,1452000,1452000,1792000,1827000,1827000,1645000,1827000,1827000,1827000,1487000,1877000,1877000,1877000,1877000,1877000,1877000,1877000,1877000,1877000,1877000,1877000,1877000,1877000,1877000,1877000,1877000,1877000,1877000,1877000,1877000,1877000,1877000,1877000,1877000,1877000,1877000,1877000,1877000,1877000,1877000,1695000,1877000,1877000,1877000,1877000,1877000,1537000,1537000,1822000,1822000,1822000,1822000,1877000,1877000,1877000,1877000,1877000,1877000,1695000,1877000,1877000,1877000,1877000,1877000,1695000,1695000,1695000,1695000,1695000,1695000,1772000,1822000,1822000,1822000,1822000,1822000,1877000,1877000,1877000,1877000,1537000,1537000,1877000,1877000,1877000,1822000,1822000,1822000,1822000,1877000,1877000,1877000,1877000,1822000,1822000,1877000,1877000,1877000,1877000,1877000,1877000,1877000,1877000,1877000,1877000,1877000,1877000,1877000,1877000,1877000,1877000,1877000,1877000,1877000,1877000,1877000,1877000,1877000,1877000,1752000,1752000,1752000,1877000,1877000,1877000,1877000,1877000,1877000,1827000,1827000,1877000,1877000,1877000,1877000,1877000,1877000,1877000,1877000,1877000,1877000,1877000,1877000,1877000,1877000,1877000,1877000,1717000,1877000,1877000,1822000,1822000,1822000,1877000,1877000,1877000,1877000,1877000,1877000,1877000,1877000,1877000,1877000,1877000,1877000,1877000,1877000,1877000,1822000,1717000,1717000,1877000,1877000,1877000,1877000,1877000,1877000,1877000,1877000,1877000,1877000,1877000,1877000,1877000,1877000,1877000,1877000,1877000,1772000,1772000,1877000,1877000,1695000,1695000,1842000,1842000,1842000,1877000,1877000,1877000,1877000,1877000,1877000,1877000,1877000,1877000,1877000,1877000,1877000,1877000,1877000,1877000,1877000,1877000,1877000,1877000,1877000,1877000,1877000,1877000,1877000,1877000,1877000,1772000,1357000,1877000,1877000,1877000,1877000,1877000,1877000,1877000,1877000,1877000,1842000,1842000,1842000,1877000,1877000,1877000,1877000,1695000,1695000,1357000,1877000,1877000,1877000,1877000,1877000,1877000,1842000,1842000,1842000,1842000,1877000,1877000,1877000,1877000,1877000,1877000,1842000,1842000,1877000,1877000,1877000,1877000,1877000,1877000,1877000,1877000,1877000,1877000,1877000,1877000,1822000,1822000,1822000,1822000,1877000,1877000,1877000,1877000,1877000,1877000,1822000,1877000,1877000,1877000,1877000,1877000,1877000,1877000,1877000,1877000,1357000,1877000,1877000,1877000,1877000,1877000,1877000,1827000,1877000,1877000,1877000,1877000,1877000,1877000,1717000,1717000,1717000,1877000,1877000,1877000,1877000,1827000,1827000,1827000,1677000,1677000,1677000,1877000,1877000,1877000,1877000,1822000,1822000,1877000,1877000,1877000,1877000,1677000,1877000,1827000,1827000,1827000,1827000,1877000,1877000,1877000,1877000,1877000,1877000,1877000,1877000,1822000,1822000,1822000,1822000,1822000,1822000,1822000,1822000,1822000,1877000,1877000,1877000,1717000,1717000,1717000,1717000,1827000,1822000,1822000,1822000,1822000,1822000,1822000,1877000,1877000,1877000,1877000,1877000,1695000,1877000,1877000,1877000,1877000,1842000,1877000,1877000,1877000,1877000,1877000,1877000,1877000,1877000,1877000,1877000,1877000,1877000,1877000,1877000,1877000,1877000,1877000,1877000,1537000,1537000,1537000,1877000,1877000,1877000,1877000,1877000,1877000,1877000,1877000,1677000,1677000,1827000,1877000,1877000,1877000,1877000,1842000,1877000,1877000,1877000,1877000,1877000,1357000,1357000,1357000,1877000,1877000,1877000,1877000,1877000,1877000,1877000,1877000,1877000,1877000,1822000,1877000,1877000,1877000,1877000,1877000,1877000,1877000,1877000,1877000,1877000,1877000,1877000,1877000,1877000,1877000,1877000,1877000,1877000,1877000,1827000,1827000,1827000,1877000,1877000,1877000,1877000,1877000,1877000,1877000,1877000,1877000,1877000,1877000,1877000,1877000,1877000,1877000,1877000,1877000,1695000,1357000,1357000,1877000,1877000,1877000,1877000,1877000,1877000,1877000,1877000,1877000,1877000,1877000,1877000,1877000,1877000,1877000,1877000,1877000,1877000,1877000,1877000,1877000,1877000,1877000,1717000,1717000,1717000,1877000,1877000,1877000,1877000,1877000,1877000,1877000,1877000,1877000,1877000,1877000,1822000,1877000,1877000,1877000,1877000,1877000,1877000,1877000,1877000,1877000,1772000,1877000,1877000,1877000,1982000,1857000,1857000,1857000,1857000,1857000,1857000,1857000,1857000,1857000,1857000,1857000,1857000,1857000,1857000,1857000,1932000,1800000,1800000,1800000,1800000,1800000,1800000,1800000,1800000,1800000,1927000,1982000,1982000,1982000,1877000,1877000,1982000,1982000,1982000,1947000,1800000,1982000,1982000,1982000,1462000,1462000,1462000,1462000,1982000,1982000,1982000,1982000,1982000,1982000,1982000,1822000,1822000,1822000,1982000,1927000,1927000,1927000,1927000,1927000,1982000,1982000,1982000,1982000,1982000,1982000,1947000,1947000,1947000,1982000,1927000,1927000,1927000,1877000,1982000,1982000,1947000,1982000,1927000,1927000,1927000,1927000,1982000,1982000,1982000,1982000,1982000,1982000,1982000,1982000,1982000,1982000,1982000,1982000,1982000,1982000,1982000,1982000,1982000,1982000,1982000,1982000,1982000,1982000,1982000,1982000,1982000,1982000,1982000,1982000,1982000,1982000,1877000,1877000,1982000,1982000,1982000,1982000,1927000,1822000,1982000,1982000,1982000,1982000,1982000,1982000,1982000,1982000,1927000,1927000,1877000,1877000,1877000,1877000,1877000,1877000,1877000,1877000,1982000,1982000,1462000,1982000,1982000,1982000,1982000,1982000,1982000,1982000,1982000,1927000,1927000,1927000,1927000,1982000,1982000,1982000,1982000,1982000,1982000,1982000,1982000,1982000,1982000,1982000,1982000,1982000,1982000,1877000,1982000,1982000,1982000,1982000,1982000,1982000,1982000,1982000,1982000,1982000,1982000,1982000,1982000,1982000,1982000,1982000,1982000,1982000,1982000,1982000,1982000,1982000,1982000,1982000,1927000,1927000,1982000,1982000,1782000,1932000,1932000,1932000,1932000,1932000,1982000,1982000,1982000,1982000,1982000,1857000,1982000,1982000,1982000,1982000,1982000,1982000,1982000,1982000,1982000,1982000,1927000,1927000,1932000,1782000,1947000,1947000,1982000,1982000,1982000,1947000,1947000,1947000,1982000,1982000,1982000,1462000,1982000,1982000,1982000,1782000,1982000,1877000,1877000,1877000,1947000,1947000,1947000,1947000,1877000,1877000,1877000,1877000,1877000,1877000,1877000,1877000,1877000,1877000,1877000,1982000,1982000,1982000,1982000,1982000,1982000,1982000,1982000,1982000,1982000,1982000,1782000,1982000,1982000,1982000,1982000,1877000,1877000,1877000,1877000,1462000,1982000,1982000,1782000,1782000,1782000,1782000,1782000,1782000,1982000,1982000,1982000,1947000,1982000,1982000,1982000,1982000,1982000,1982000,1982000,1982000,1982000,1982000,1982000,1982000,1982000,1982000,1982000,1982000,1857000,1857000,1857000,1857000,1857000,1642000,1642000,1642000,1642000,1877000,1877000,1877000,1800000,1800000,1947000,1947000,1932000,1982000,1982000,1982000,1982000,1982000,1932000,1982000,1982000,1982000,1982000,1982000,1982000,1982000,1982000,1982000,1982000,1982000,1982000,1800000,1982000,1982000,1982000,1982000,1982000,1982000,1982000,1982000,1982000,1982000,1932000,1877000,1982000,1982000,1982000,1982000,1982000,1982000,1982000,1982000,1982000,1982000,1982000,1982000,1982000,1877000,1877000,1877000,1877000,1462000,1927000,1927000,1927000,1982000,1982000,1982000,1982000,1982000,1982000,1982000,1982000,1982000,1982000,1982000,1982000,1982000,1982000,1782000,1782000,1782000,1642000,1642000,1642000,1642000,1982000,1932000,1932000,1982000,1982000,1982000,1982000,1982000,1982000,1822000,1822000,1822000,1822000,1822000,1822000,1822000,1782000,1982000,1982000,1982000,1982000,1982000,1982000,1982000,1982000,1982000,1982000,1982000,1982000,1982000,1982000,1982000,1982000,1982000,1982000,1982000,1982000,1982000,1982000,1982000,1982000,1982000,1982000,1932000,1932000,1462000,1857000,1982000,1982000];
